1: 1,13,14,15,16,19,20,29,30,31,34,37,40        34.0

2: 2,3,4,5,7,8,10,11,12,17,18,36,38             39.2

3: 6,9,21,22,23,24,25,26,27,28,32,33,35,39      43.6
                                               116.8

----------------------------------------------------

1: 1,13,14,15,16,19,20,29,30,31,34              33.1

2: 2,3,4,5,7,8,10,11,12,17,18,36,37,38,40       39.2

3: 6,9,21,22,23,24,25,26,27,28,32,33,35,39      43.6
                                               115.9

----------------------------------------------------

1: 1,13,14,15,16,19,20,29,30,31,34              33.1

2: 2,3,4,5,7,8,10,11,12,17,18,36,37,38,40       39.2

3: 6,9,21,22,23,24,25,26,27,28,32,33,35,39      43.6
                                               115.9